=== cohort sizes / outcome ===
v21      games=   59 win=0.610 [0.483,0.724]  first=25/36 (0.694) second=11/23 (0.478) pilots=1
field    games= 4204 win=0.574 [0.559,0.589]  first=1320/2161 (0.611) second=1095/2043 (0.536) pilots=22
top5     games= 1087 win=0.579 [0.549,0.608]  first=359/573 (0.627) second=270/514 (0.525) pilots=5
top10    games= 2312 win=0.574 [0.554,0.594]  first=736/1199 (0.614) second=591/1113 (0.531) pilots=10

=== per own turn (turns 1..8), rate of turns with >=1 ===
        games  own_turns  turns_per_game  win_rate          take_attack energy_attached_flag       supporter_flag          take_adrena     take_grim_evolve  take_morgrem_evolve take_froslass_evolve         retreat_flag            take_boss           take_stamp      take_rare_candy          take_poffin             take_gym           take_bench            take_item                 idle
cohort                                                                                                                                                                                                                                                                                                                                                                                            
v21        59        376            6.37    0.6102  0.609 [0.559,0.657]  0.572 [0.521,0.621]  0.577 [0.527,0.626]  0.513 [0.463,0.563]  0.213 [0.174,0.257]  0.261 [0.219,0.307]  0.098 [0.072,0.133]  0.176 [0.140,0.217]  0.066 [0.045,0.096]  0.098 [0.072,0.133]  0.112 [0.084,0.147]  0.199 [0.162,0.243]  0.149 [0.117,0.189]  0.497 [0.447,0.548]  0.617 [0.567,0.665]  0.005 [0.002,0.019]
field    4204      25674            6.11    0.5745  0.634 [0.628,0.640]  0.597 [0.592,0.604]  0.632 [0.626,0.638]  0.512 [0.506,0.518]  0.201 [0.196,0.206]  0.258 [0.253,0.263]  0.112 [0.109,0.116]  0.145 [0.141,0.149]  0.099 [0.096,0.103]  0.105 [0.101,0.109]  0.138 [0.134,0.142]  0.195 [0.190,0.199]  0.174 [0.169,0.178]  0.519 [0.513,0.525]  0.643 [0.637,0.648]  0.004 [0.003,0.005]
top5     1087       6719            6.18    0.5787  0.645 [0.633,0.656]  0.592 [0.580,0.604]  0.620 [0.608,0.631]  0.474 [0.463,0.486]  0.198 [0.189,0.208]  0.254 [0.244,0.265]  0.110 [0.103,0.118]  0.160 [0.152,0.169]  0.100 [0.093,0.107]  0.100 [0.093,0.107]  0.130 [0.122,0.138]  0.194 [0.185,0.204]  0.195 [0.185,0.204]  0.509 [0.497,0.521]  0.618 [0.606,0.629]  0.004 [0.003,0.006]
top10    2312      14267            6.17    0.5740  0.633 [0.625,0.641]  0.606 [0.598,0.614]  0.626 [0.618,0.634]  0.497 [0.488,0.505]  0.196 [0.190,0.203]  0.253 [0.246,0.260]  0.105 [0.100,0.110]  0.154 [0.148,0.160]  0.102 [0.097,0.107]  0.100 [0.096,0.105]  0.135 [0.130,0.141]  0.204 [0.197,0.210]  0.179 [0.172,0.185]  0.518 [0.510,0.527]  0.630 [0.622,0.638]  0.004 [0.004,0.006]

=== per-turn curves ===

--- take_attack (rate) ---
         own1   own2   own3   own4   own5   own6   own7   own8
cohort                                                        
v21     0.034  0.390  0.780  0.881  0.793  0.787  0.704  0.500
field   0.086  0.496  0.786  0.851  0.841  0.793  0.717  0.602
top5    0.106  0.532  0.791  0.848  0.836  0.796  0.744  0.584
top10   0.102  0.510  0.775  0.839  0.830  0.790  0.715  0.580
  n: [59, 59, 59, 59, 58, 47, 27, 8] | top5: [1087, 1081, 1075, 1060, 987, 759, 449, 221]

--- take_shadow (rate) ---
        own1   own2   own3   own4   own5   own6   own7   own8
cohort                                                       
v21      0.0  0.271  0.746  0.847  0.776  0.766  0.704  0.500
field    0.0  0.385  0.727  0.802  0.796  0.756  0.685  0.566
top5     0.0  0.401  0.727  0.794  0.779  0.760  0.722  0.561
top10    0.0  0.385  0.713  0.786  0.782  0.758  0.694  0.552
  n: [59, 59, 59, 59, 58, 47, 27, 8] | top5: [1087, 1081, 1075, 1060, 987, 759, 449, 221]

--- energy_attached_flag (rate) ---
         own1   own2   own3   own4   own5   own6   own7   own8
cohort                                                        
v21     0.814  0.610  0.576  0.627  0.500  0.426  0.370  0.125
field   0.795  0.675  0.621  0.577  0.524  0.458  0.396  0.371
top5    0.755  0.710  0.633  0.584  0.512  0.433  0.390  0.362
top10   0.785  0.705  0.640  0.597  0.526  0.452  0.407  0.382
  n: [59, 59, 59, 59, 58, 47, 27, 8] | top5: [1087, 1081, 1075, 1060, 987, 759, 449, 221]

--- supporter_flag (rate) ---
         own1   own2   own3   own4   own5   own6   own7   own8
cohort                                                        
v21     0.271  0.712  0.644  0.644  0.621  0.617  0.556  0.375
field   0.388  0.804  0.738  0.678  0.629  0.591  0.560  0.526
top5    0.372  0.820  0.740  0.662  0.610  0.557  0.548  0.480
top10   0.383  0.810  0.737  0.663  0.616  0.585  0.552  0.520
  n: [59, 59, 59, 59, 58, 47, 27, 8] | top5: [1087, 1081, 1075, 1060, 987, 759, 449, 221]

--- take_adrena (rate) ---
        own1   own2   own3   own4   own5   own6   own7   own8
cohort                                                       
v21      0.0  0.169  0.661  0.780  0.741  0.723  0.519  0.875
field    0.0  0.127  0.594  0.756  0.787  0.794  0.757  0.751
top5     0.0  0.096  0.544  0.720  0.723  0.731  0.690  0.710
top10    0.0  0.112  0.567  0.743  0.767  0.764  0.721  0.736
  n: [59, 59, 59, 59, 58, 47, 27, 8] | top5: [1087, 1081, 1075, 1060, 987, 759, 449, 221]

--- take_grim_evolve (rate) ---
        own1  own2   own3   own4   own5   own6   own7   own8
cohort                                                      
v21      0.0   0.0  0.492  0.424  0.293  0.085  0.111  0.250
field    0.0   0.0  0.420  0.375  0.280  0.187  0.127  0.095
top5     0.0   0.0  0.414  0.370  0.268  0.209  0.118  0.072
top10    0.0   0.0  0.422  0.362  0.269  0.185  0.122  0.077
  n: [59, 59, 59, 59, 58, 47, 27, 8] | top5: [1087, 1081, 1075, 1060, 987, 759, 449, 221]

--- take_froslass_evolve (rate) ---
        own1   own2   own3   own4   own5   own6   own7   own8
cohort                                                       
v21      0.0  0.254  0.068  0.085  0.138  0.043  0.111  0.000
field    0.0  0.325  0.143  0.102  0.069  0.051  0.046  0.045
top5     0.0  0.327  0.133  0.093  0.075  0.047  0.047  0.054
top10    0.0  0.314  0.134  0.091  0.065  0.042  0.042  0.043
  n: [59, 59, 59, 59, 58, 47, 27, 8] | top5: [1087, 1081, 1075, 1060, 987, 759, 449, 221]

--- retreat_flag (rate) ---
         own1   own2   own3   own4   own5   own6   own7   own8
cohort                                                        
v21     0.000  0.136  0.288  0.339  0.224  0.085  0.148  0.000
field   0.014  0.141  0.190  0.200  0.180  0.155  0.144  0.139
top5    0.032  0.134  0.207  0.208  0.198  0.188  0.183  0.154
top10   0.023  0.140  0.190  0.209  0.190  0.173  0.167  0.157
  n: [59, 59, 59, 59, 58, 47, 27, 8] | top5: [1087, 1081, 1075, 1060, 987, 759, 449, 221]

--- idle (rate) ---
         own1   own2   own3   own4   own5   own6   own7   own8
cohort                                                        
v21     0.034  0.000  0.000  0.000  0.000  0.000  0.000  0.000
field   0.009  0.002  0.004  0.002  0.002  0.003  0.006  0.004
top5    0.015  0.000  0.000  0.002  0.000  0.003  0.011  0.005
top10   0.011  0.003  0.002  0.002  0.001  0.006  0.009  0.005
  n: [59, 59, 59, 59, 58, 47, 27, 8] | top5: [1087, 1081, 1075, 1060, 987, 759, 449, 221]

--- main_decisions (mean) ---
         own1   own2   own3   own4   own5   own6   own7   own8
cohort                                                        
v21     5.559  6.864  7.068  7.356  6.948  5.681  4.852  5.625
field   5.848  7.196  7.374  7.252  6.744  6.170  5.720  5.361
top5    5.799  7.205  7.336  7.051  6.338  5.897  5.445  4.919
top10   5.774  7.201  7.366  7.190  6.579  6.066  5.595  5.273
  n: [59, 59, 59, 59, 58, 47, 27, 8] | top5: [1087, 1081, 1075, 1060, 987, 759, 449, 221]

--- board_grim_ex_on_board (rate) ---
        own1   own2   own3   own4   own5   own6   own7   own8
cohort                                                       
v21      0.0  0.322  0.780  0.881  0.862  0.894  0.926  1.000
field    0.0  0.433  0.796  0.859  0.877  0.899  0.900  0.901
top5     0.0  0.443  0.792  0.860  0.873  0.899  0.913  0.928
top10    0.0  0.434  0.792  0.856  0.879  0.908  0.912  0.925
  n: [59, 59, 59, 59, 58, 47, 27, 8] | top5: [1087, 1081, 1075, 1060, 987, 759, 449, 221]

--- board_grim_ex_ready (rate) ---
        own1   own2   own3   own4   own5   own6   own7   own8
cohort                                                       
v21      0.0  0.322  0.780  0.864  0.776  0.787  0.741  0.500
field    0.0  0.428  0.784  0.838  0.834  0.823  0.779  0.699
top5     0.0  0.439  0.780  0.836  0.825  0.817  0.800  0.697
top10    0.0  0.428  0.779  0.831  0.825  0.819  0.780  0.693
  n: [59, 59, 59, 59, 58, 47, 27, 8] | top5: [1087, 1081, 1075, 1060, 987, 759, 449, 221]

--- board_bench (mean) ---
         own1   own2   own3   own4   own5   own6   own7   own8
cohort                                                        
v21     2.746  3.831  4.254  4.424  4.328  4.298  4.259  4.750
field   2.892  3.897  4.312  4.409  4.341  4.272  4.226  4.255
top5    2.854  3.815  4.230  4.352  4.268  4.213  4.167  4.249
top10   2.803  3.795  4.229  4.346  4.295  4.247  4.218  4.264
  n: [59, 59, 59, 59, 58, 47, 27, 8] | top5: [1087, 1081, 1075, 1060, 987, 759, 449, 221]

--- board_bodies (mean) ---
         own1   own2   own3   own4   own5   own6   own7   own8
cohort                                                        
v21     3.746  4.831  5.254  5.424  5.328  5.298  5.222  5.750
field   3.892  4.897  5.312  5.409  5.341  5.272  5.225  5.254
top5    3.854  4.815  5.230  5.352  5.268  5.213  5.165  5.249
top10   3.803  4.795  5.229  5.346  5.295  5.247  5.216  5.264
  n: [59, 59, 59, 59, 58, 47, 27, 8] | top5: [1087, 1081, 1075, 1060, 987, 759, 449, 221]

--- board_energy_in_play (mean) ---
         own1   own2   own3   own4   own5   own6   own7   own8
cohort                                                        
v21     0.814  2.203  4.119  4.661  4.483  4.574  4.444  4.750
field   0.781  2.831  4.676  5.189  5.201  5.088  4.885  4.703
top5    0.723  2.924  4.683  5.223  5.206  5.018  4.846  4.715
top10   0.762  2.693  4.439  4.987  5.077  4.962  4.787  4.650
  n: [59, 59, 59, 59, 58, 47, 27, 8] | top5: [1087, 1081, 1075, 1060, 987, 759, 449, 221]

--- board_dark_in_play (mean) ---
         own1   own2   own3   own4   own5   own6   own7   own8
cohort                                                        
v21     0.814  2.203  4.119  4.661  4.483  4.574  4.444  4.750
field   0.781  2.831  4.676  5.189  5.201  5.088  4.885  4.703
top5    0.723  2.924  4.683  5.223  5.206  5.018  4.846  4.715
top10   0.762  2.693  4.439  4.987  5.077  4.962  4.787  4.650
  n: [59, 59, 59, 59, 58, 47, 27, 8] | top5: [1087, 1081, 1075, 1060, 987, 759, 449, 221]

--- board_prize_left (mean) ---
        own1   own2   own3   own4   own5   own6   own7   own8
cohort                                                       
v21      6.0  5.814  5.254  4.271  3.276  2.617  2.667  3.625
field    6.0  5.736  5.105  4.166  3.207  2.653  2.472  2.541
top5     6.0  5.735  5.145  4.280  3.391  2.912  2.644  2.529
top10    6.0  5.745  5.149  4.255  3.336  2.790  2.556  2.580
  n: [59, 59, 59, 59, 58, 47, 27, 8] | top5: [1087, 1081, 1075, 1060, 987, 759, 449, 221]

--- board_opp_prize_left (mean) ---
        own1   own2   own3   own4   own5   own6   own7   own8
cohort                                                       
v21      6.0  5.814  5.288  4.593  3.655  3.319  2.704  2.625
field    6.0  5.780  5.257  4.493  3.710  3.226  2.869  2.731
top5     6.0  5.735  5.173  4.446  3.688  3.175  2.829  2.796
top10    6.0  5.757  5.215  4.471  3.756  3.273  2.919  2.795
  n: [59, 59, 59, 59, 58, 47, 27, 8] | top5: [1087, 1081, 1075, 1060, 987, 759, 449, 221]

--- board_hand (mean) ---
         own1   own2   own3   own4   own5   own6   own7   own8
cohort                                                        
v21     4.729  4.220  4.678  5.356  5.534  5.957  6.111  6.000
field   5.080  4.693  4.932  5.327  5.670  5.822  5.949  6.143
top5    5.149  4.767  4.949  5.305  5.742  5.843  6.149  6.584
top10   5.138  4.732  4.894  5.248  5.563  5.704  5.941  6.143
  n: [59, 59, 59, 59, 58, 47, 27, 8] | top5: [1087, 1081, 1075, 1060, 987, 759, 449, 221]

--- board_deck_left (mean) ---
          own1    own2    own3    own4    own5    own6    own7    own8
cohort                                                                
v21     42.610  36.763  30.441  25.915  22.638  20.574  17.815  14.250
field   41.992  35.157  29.099  24.785  21.872  19.936  17.967  15.953
top5    41.979  34.902  28.832  24.509  21.693  19.689  17.561  15.597
top10   42.054  35.320  29.335  25.031  22.221  20.236  18.190  16.370
  n: [59, 59, 59, 59, 58, 47, 27, 8] | top5: [1087, 1081, 1075, 1060, 987, 759, 449, 221]

=== offer vs take inside MAIN (turns 1..8) ===
          offer_rate                      take_when_offered                     
cohort         field  top10   top5    v21             field  top10   top5    v21
kind                                                                            
ability        0.844  0.837  0.837  0.816             0.969  0.954  0.943  0.961
attack         0.666  0.670  0.680  0.646             0.952  0.945  0.948  0.942
bench          0.610  0.618  0.610  0.596             0.851  0.839  0.835  0.835
boss           0.265  0.270  0.284  0.247             0.375  0.378  0.351  0.269
energy         0.721  0.718  0.711  0.694             0.829  0.844  0.832  0.824
evolve         0.557  0.543  0.557  0.569             0.843  0.840  0.823  0.832
item           0.754  0.757  0.766  0.753             0.852  0.832  0.807  0.820
retreat        0.756  0.760  0.764  0.737             0.192  0.202  0.210  0.238
stadium        0.183  0.190  0.203  0.160             0.951  0.940  0.960  0.933
stamp          0.108  0.105  0.105  0.101             0.971  0.961  0.945  0.974
supporter      0.635  0.638  0.647  0.614             0.839  0.822  0.804  0.831
