=== cohort sizes / outcome ===
v21      games=   23 win=0.478 [0.292,0.670]  first=0/0 (0.000) second=11/23 (0.478) pilots=1
field    games= 2043 win=0.536 [0.514,0.557]  first=0/0 (0.000) second=1095/2043 (0.536) pilots=22
top5     games=  514 win=0.525 [0.482,0.568]  first=0/0 (0.000) second=270/514 (0.525) pilots=5
top10    games= 1113 win=0.531 [0.502,0.560]  first=0/0 (0.000) second=591/1113 (0.531) pilots=10

=== per own turn (turns 1..6), rate of turns with >=1 ===
        games  own_turns  turns_per_game  win_rate          take_attack energy_attached_flag       supporter_flag          take_adrena     take_grim_evolve  take_morgrem_evolve take_froslass_evolve         retreat_flag            take_boss           take_stamp      take_rare_candy          take_poffin             take_gym           take_bench            take_item                 idle
cohort                                                                                                                                                                                                                                                                                                                                                                                            
v21        23        132            5.74    0.4783  0.636 [0.551,0.714]  0.606 [0.521,0.685]  0.621 [0.536,0.699]  0.515 [0.431,0.599]  0.220 [0.158,0.298]  0.235 [0.171,0.314]  0.106 [0.064,0.170]  0.174 [0.119,0.248]  0.061 [0.031,0.115]  0.106 [0.064,0.170]  0.114 [0.070,0.179]  0.227 [0.164,0.306]  0.114 [0.070,0.179]  0.508 [0.423,0.591]  0.667 [0.583,0.741]  0.000 [0.000,0.028]
field    2043      11122            5.44    0.5360  0.646 [0.637,0.655]  0.634 [0.625,0.643]  0.689 [0.680,0.698]  0.512 [0.503,0.521]  0.208 [0.200,0.215]  0.273 [0.264,0.281]  0.119 [0.113,0.125]  0.146 [0.140,0.153]  0.102 [0.097,0.108]  0.113 [0.107,0.119]  0.152 [0.146,0.159]  0.213 [0.205,0.220]  0.176 [0.169,0.183]  0.546 [0.536,0.555]  0.668 [0.659,0.677]  0.003 [0.002,0.004]
top5      514       2810            5.47    0.5253  0.662 [0.644,0.679]  0.636 [0.618,0.654]  0.680 [0.663,0.697]  0.465 [0.447,0.484]  0.203 [0.189,0.218]  0.270 [0.254,0.287]  0.120 [0.108,0.132]  0.162 [0.148,0.176]  0.104 [0.093,0.115]  0.111 [0.100,0.123]  0.150 [0.137,0.164]  0.211 [0.197,0.227]  0.204 [0.190,0.220]  0.545 [0.527,0.564]  0.643 [0.625,0.661]  0.001 [0.001,0.004]
top10    1113       6077            5.46    0.5310  0.649 [0.637,0.661]  0.644 [0.632,0.656]  0.684 [0.672,0.695]  0.494 [0.482,0.507]  0.204 [0.194,0.214]  0.269 [0.258,0.280]  0.113 [0.106,0.122]  0.153 [0.144,0.163]  0.107 [0.099,0.115]  0.110 [0.102,0.118]  0.152 [0.144,0.162]  0.222 [0.212,0.233]  0.185 [0.176,0.195]  0.550 [0.537,0.562]  0.661 [0.649,0.673]  0.002 [0.001,0.004]

=== per-turn curves ===

--- take_attack (rate) ---
         own1   own2   own3   own4   own5   own6
cohort                                          
v21     0.087  0.435  0.783  0.957  0.818  0.778
field   0.178  0.529  0.811  0.842  0.831  0.759
top5    0.224  0.580  0.811  0.839  0.831  0.743
top10   0.212  0.538  0.798  0.831  0.821  0.763
  n: [23, 23, 23, 23, 22, 18] | top5: [514, 509, 508, 502, 450, 327]

--- take_shadow (rate) ---
        own1   own2   own3   own4   own5   own6
cohort                                         
v21      0.0  0.348  0.739  0.870  0.773  0.722
field    0.0  0.434  0.757  0.789  0.783  0.721
top5     0.0  0.458  0.744  0.779  0.769  0.703
top10    0.0  0.428  0.742  0.780  0.772  0.727
  n: [23, 23, 23, 23, 22, 18] | top5: [514, 509, 508, 502, 450, 327]

--- energy_attached_flag (rate) ---
         own1   own2   own3   own4   own5   own6
cohort                                          
v21     0.870  0.652  0.565  0.696  0.364  0.444
field   0.854  0.711  0.626  0.552  0.527  0.445
top5    0.829  0.745  0.661  0.578  0.507  0.394
top10   0.840  0.738  0.649  0.579  0.522  0.447
  n: [23, 23, 23, 23, 22, 18] | top5: [514, 509, 508, 502, 450, 327]

--- supporter_flag (rate) ---
         own1   own2   own3   own4   own5   own6
cohort                                          
v21     0.696  0.652  0.565  0.565  0.591  0.667
field   0.798  0.762  0.694  0.657  0.598  0.565
top5    0.786  0.788  0.693  0.647  0.576  0.523
top10   0.795  0.770  0.693  0.645  0.582  0.555
  n: [23, 23, 23, 23, 22, 18] | top5: [514, 509, 508, 502, 450, 327]

--- take_adrena (rate) ---
        own1   own2   own3   own4   own5   own6
cohort                                         
v21      0.0  0.261  0.609  0.826  0.727  0.722
field    0.0  0.205  0.665  0.772  0.786  0.796
top5     0.0  0.143  0.620  0.721  0.709  0.728
top10    0.0  0.180  0.637  0.759  0.766  0.764
  n: [23, 23, 23, 23, 22, 18] | top5: [514, 509, 508, 502, 450, 327]

--- take_grim_evolve (rate) ---
        own1  own2   own3   own4   own5   own6
cohort                                        
v21      0.0   0.0  0.522  0.522  0.182  0.056
field    0.0   0.0  0.460  0.362  0.248  0.171
top5     0.0   0.0  0.449  0.361  0.216  0.199
top10    0.0   0.0  0.464  0.348  0.235  0.173
  n: [23, 23, 23, 23, 22, 18] | top5: [514, 509, 508, 502, 450, 327]

--- take_froslass_evolve (rate) ---
        own1   own2   own3   own4   own5   own6
cohort                                         
v21      0.0  0.217  0.130  0.087  0.091  0.111
field    0.0  0.348  0.125  0.085  0.075  0.046
top5     0.0  0.340  0.118  0.098  0.087  0.046
top10    0.0  0.344  0.120  0.081  0.065  0.037
  n: [23, 23, 23, 23, 22, 18] | top5: [514, 509, 508, 502, 450, 327]

--- retreat_flag (rate) ---
         own1   own2   own3   own4   own5   own6
cohort                                          
v21     0.000  0.174  0.261  0.304  0.182  0.111
field   0.014  0.118  0.193  0.206  0.194  0.168
top5    0.025  0.108  0.224  0.211  0.220  0.205
top10   0.022  0.112  0.203  0.216  0.204  0.182
  n: [23, 23, 23, 23, 22, 18] | top5: [514, 509, 508, 502, 450, 327]

--- idle (rate) ---
        own1   own2   own3   own4   own5   own6
cohort                                         
v21      0.0  0.000  0.000  0.000  0.000  0.000
field    0.0  0.001  0.003  0.004  0.002  0.005
top5     0.0  0.000  0.000  0.004  0.000  0.006
top10    0.0  0.001  0.001  0.004  0.001  0.009
  n: [23, 23, 23, 23, 22, 18] | top5: [514, 509, 508, 502, 450, 327]

--- main_decisions (mean) ---
         own1   own2   own3   own4   own5   own6
cohort                                          
v21     7.087  7.957  6.217  6.957  5.955  5.833
field   7.042  7.569  7.394  7.159  6.579  6.027
top5    6.959  7.548  7.376  7.050  6.087  5.630
top10   6.975  7.588  7.404  7.165  6.358  5.913
  n: [23, 23, 23, 23, 22, 18] | top5: [514, 509, 508, 502, 450, 327]

--- board_grim_ex_on_board (rate) ---
        own1   own2   own3   own4   own5   own6
cohort                                         
v21      0.0  0.348  0.783  0.913  0.864  0.944
field    0.0  0.474  0.810  0.847  0.867  0.893
top5     0.0  0.489  0.805  0.849  0.864  0.893
top10    0.0  0.472  0.809  0.851  0.872  0.906
  n: [23, 23, 23, 23, 22, 18] | top5: [514, 509, 508, 502, 450, 327]

--- board_grim_ex_ready (rate) ---
        own1   own2   own3   own4   own5   own6
cohort                                         
v21      0.0  0.348  0.783  0.870  0.773  0.778
field    0.0  0.470  0.795  0.820  0.816  0.792
top5     0.0  0.487  0.789  0.809  0.802  0.780
top10    0.0  0.467  0.793  0.814  0.806  0.788
  n: [23, 23, 23, 23, 22, 18] | top5: [514, 509, 508, 502, 450, 327]

--- board_bench (mean) ---
         own1   own2   own3   own4   own5   own6
cohort                                          
v21     3.435  4.348  4.304  4.130  4.091  4.000
field   3.382  4.105  4.315  4.364  4.266  4.206
top5    3.317  4.026  4.258  4.327  4.196  4.135
top10   3.297  4.023  4.236  4.314  4.211  4.158
  n: [23, 23, 23, 23, 22, 18] | top5: [514, 509, 508, 502, 450, 327]

--- board_bodies (mean) ---
         own1   own2   own3   own4   own5   own6
cohort                                          
v21     4.435  5.348  5.304  5.130  5.091  5.000
field   4.382  5.105  5.315  5.364  5.266  5.206
top5    4.317  5.026  5.258  5.327  5.196  5.135
top10   4.297  5.023  5.236  5.314  5.211  5.158
  n: [23, 23, 23, 23, 22, 18] | top5: [514, 509, 508, 502, 450, 327]

--- board_energy_in_play (mean) ---
         own1   own2   own3   own4   own5   own6
cohort                                          
v21     0.870  2.304  4.261  4.739  4.273  4.444
field   0.840  3.056  4.858  5.157  5.113  4.989
top5    0.804  3.187  4.935  5.227  5.069  4.835
top10   0.819  2.898  4.649  4.994  4.957  4.839
  n: [23, 23, 23, 23, 22, 18] | top5: [514, 509, 508, 502, 450, 327]

--- board_dark_in_play (mean) ---
         own1   own2   own3   own4   own5   own6
cohort                                          
v21     0.870  2.304  4.261  4.739  4.273  4.444
field   0.840  3.056  4.858  5.157  5.113  4.989
top5    0.804  3.187  4.935  5.227  5.069  4.835
top10   0.819  2.898  4.649  4.994  4.957  4.839
  n: [23, 23, 23, 23, 22, 18] | top5: [514, 509, 508, 502, 450, 327]

--- board_prize_left (mean) ---
        own1   own2   own3   own4   own5   own6
cohort                                         
v21      6.0  5.739  5.304  4.217  2.818  2.167
field    6.0  5.769  5.058  4.098  3.150  2.653
top5     6.0  5.784  5.116  4.243  3.384  2.939
top10    6.0  5.797  5.126  4.221  3.313  2.801
  n: [23, 23, 23, 23, 22, 18] | top5: [514, 509, 508, 502, 450, 327]

--- board_opp_prize_left (mean) ---
        own1   own2   own3   own4   own5   own6
cohort                                         
v21      6.0  5.565  4.913  3.957  3.318  3.000
field    6.0  5.576  4.931  4.133  3.401  2.996
top5     6.0  5.507  4.839  4.064  3.342  2.917
top10    6.0  5.536  4.879  4.104  3.420  2.983
  n: [23, 23, 23, 23, 22, 18] | top5: [514, 509, 508, 502, 450, 327]

--- board_hand (mean) ---
         own1   own2   own3   own4   own5   own6
cohort                                          
v21     4.913  4.609  4.391  5.043  6.409  5.611
field   5.545  4.750  4.969  5.387  5.774  5.872
top5    5.595  4.766  5.035  5.404  5.800  5.908
top10   5.571  4.750  4.933  5.275  5.605  5.669
  n: [23, 23, 23, 23, 22, 18] | top5: [514, 509, 508, 502, 450, 327]

--- board_deck_left (mean) ---
          own1    own2    own3    own4    own5    own6
cohort                                                
v21     40.913  34.304  29.261  25.261  22.318  20.778
field   40.284  33.440  27.658  23.709  21.101  19.271
top5    40.298  33.108  27.159  23.183  20.896  19.080
top10   40.364  33.546  27.732  23.764  21.403  19.511
  n: [23, 23, 23, 23, 22, 18] | top5: [514, 509, 508, 502, 450, 327]

=== offer vs take inside MAIN (turns 1..6) ===
          offer_rate                      take_when_offered                     
cohort         field  top10   top5    v21             field  top10   top5    v21
kind                                                                            
ability        0.863  0.852  0.844  0.833             0.977  0.967  0.956  0.964
attack         0.674  0.684  0.697  0.667             0.958  0.949  0.949  0.955
bench          0.626  0.631  0.622  0.591             0.872  0.871  0.876  0.859
boss           0.281  0.284  0.299  0.242             0.364  0.375  0.346  0.250
energy         0.749  0.749  0.749  0.758             0.846  0.860  0.849  0.800
evolve         0.567  0.555  0.571  0.583             0.863  0.864  0.841  0.857
item           0.770  0.776  0.781  0.765             0.867  0.853  0.823  0.871
retreat        0.745  0.752  0.753  0.750             0.196  0.204  0.215  0.232
stadium        0.183  0.193  0.211  0.121             0.962  0.958  0.966  0.938
stamp          0.116  0.114  0.116  0.106             0.977  0.968  0.957  1.000
supporter      0.677  0.675  0.686  0.644             0.867  0.855  0.841  0.871
