=== cohort sizes / outcome ===
v21      games=   36 win=0.694 [0.531,0.820]  first=25/36 (0.694) second=0/0 (0.000) pilots=1
field    games= 2161 win=0.611 [0.590,0.631]  first=1320/2161 (0.611) second=0/0 (0.000) pilots=22
top5     games=  573 win=0.627 [0.586,0.665]  first=359/573 (0.627) second=0/0 (0.000) pilots=5
top10    games= 1199 win=0.614 [0.586,0.641]  first=736/1199 (0.614) second=0/0 (0.000) pilots=10

=== per own turn (turns 1..6), rate of turns with >=1 ===
        games  own_turns  turns_per_game  win_rate          take_attack energy_attached_flag       supporter_flag          take_adrena     take_grim_evolve  take_morgrem_evolve take_froslass_evolve         retreat_flag            take_boss           take_stamp      take_rare_candy          take_poffin             take_gym           take_bench            take_item                 idle
cohort                                                                                                                                                                                                                                                                                                                                                                                            
v21        36        209            5.81    0.6944  0.584 [0.516,0.648]  0.593 [0.526,0.658]  0.560 [0.492,0.625]  0.498 [0.430,0.565]  0.220 [0.169,0.281]  0.301 [0.243,0.367]  0.096 [0.063,0.143]  0.187 [0.140,0.245]  0.053 [0.030,0.092]  0.105 [0.070,0.154]  0.124 [0.086,0.176]  0.201 [0.152,0.261]  0.177 [0.131,0.234]  0.541 [0.473,0.607]  0.622 [0.555,0.685]  0.010 [0.003,0.034]
field    2161      12230            5.66    0.6108  0.614 [0.605,0.623]  0.604 [0.595,0.613]  0.596 [0.588,0.605]  0.466 [0.457,0.475]  0.211 [0.204,0.219]  0.282 [0.274,0.290]  0.120 [0.114,0.125]  0.145 [0.139,0.151]  0.088 [0.083,0.093]  0.104 [0.099,0.109]  0.144 [0.138,0.150]  0.198 [0.192,0.206]  0.192 [0.185,0.199]  0.537 [0.528,0.546]  0.653 [0.644,0.661]  0.005 [0.004,0.007]
top5      573       3239            5.65    0.6265  0.620 [0.603,0.636]  0.597 [0.580,0.614]  0.587 [0.570,0.603]  0.437 [0.420,0.454]  0.213 [0.199,0.228]  0.282 [0.267,0.298]  0.114 [0.104,0.126]  0.157 [0.144,0.169]  0.084 [0.075,0.094]  0.099 [0.089,0.110]  0.136 [0.124,0.148]  0.201 [0.187,0.215]  0.212 [0.199,0.227]  0.528 [0.510,0.545]  0.634 [0.618,0.651]  0.005 [0.003,0.008]
top10    1199       6796            5.67    0.6138  0.611 [0.599,0.622]  0.613 [0.602,0.625]  0.591 [0.580,0.603]  0.451 [0.440,0.463]  0.207 [0.198,0.217]  0.279 [0.268,0.289]  0.110 [0.103,0.118]  0.152 [0.143,0.160]  0.087 [0.081,0.094]  0.099 [0.092,0.106]  0.142 [0.134,0.151]  0.210 [0.200,0.220]  0.196 [0.186,0.205]  0.536 [0.524,0.548]  0.640 [0.629,0.652]  0.006 [0.004,0.008]

=== per-turn curves ===

--- take_attack (rate) ---
        own1   own2   own3   own4   own5   own6
cohort                                         
v21      0.0  0.361  0.778  0.833  0.778  0.793
field    0.0  0.466  0.761  0.860  0.849  0.820
top5     0.0  0.490  0.772  0.857  0.840  0.836
top10    0.0  0.484  0.753  0.846  0.837  0.812
  n: [36, 36, 36, 36, 36, 29] | top5: [573, 572, 567, 558, 537, 432]

--- take_shadow (rate) ---
        own1   own2   own3   own4   own5   own6
cohort                                         
v21      0.0  0.222  0.750  0.833  0.778  0.793
field    0.0  0.339  0.699  0.814  0.808  0.782
top5     0.0  0.351  0.711  0.808  0.788  0.803
top10    0.0  0.345  0.685  0.791  0.791  0.782
  n: [36, 36, 36, 36, 36, 29] | top5: [573, 572, 567, 558, 537, 432]

--- energy_attached_flag (rate) ---
         own1   own2   own3   own4   own5   own6
cohort                                          
v21     0.778  0.583  0.583  0.583  0.583  0.414
field   0.739  0.641  0.616  0.600  0.522  0.467
top5    0.689  0.678  0.607  0.590  0.516  0.463
top10   0.733  0.674  0.631  0.614  0.529  0.456
  n: [36, 36, 36, 36, 36, 29] | top5: [573, 572, 567, 558, 537, 432]

--- supporter_flag (rate) ---
        own1   own2   own3   own4   own5   own6
cohort                                         
v21      0.0  0.750  0.694  0.694  0.639  0.586
field    0.0  0.844  0.780  0.698  0.657  0.611
top5     0.0  0.848  0.781  0.676  0.639  0.583
top10    0.0  0.846  0.779  0.680  0.645  0.608
  n: [36, 36, 36, 36, 36, 29] | top5: [573, 572, 567, 558, 537, 432]

--- take_adrena (rate) ---
        own1   own2   own3   own4   own5   own6
cohort                                         
v21      0.0  0.111  0.694  0.750  0.750  0.724
field    0.0  0.053  0.528  0.741  0.788  0.792
top5     0.0  0.054  0.476  0.719  0.736  0.734
top10    0.0  0.049  0.502  0.728  0.767  0.763
  n: [36, 36, 36, 36, 36, 29] | top5: [573, 572, 567, 558, 537, 432]

--- take_grim_evolve (rate) ---
        own1  own2   own3   own4   own5   own6
cohort                                        
v21      0.0   0.0  0.472  0.361  0.361  0.103
field    0.0   0.0  0.383  0.387  0.307  0.199
top5     0.0   0.0  0.383  0.378  0.313  0.218
top10    0.0   0.0  0.384  0.374  0.298  0.194
  n: [36, 36, 36, 36, 36, 29] | top5: [573, 572, 567, 558, 537, 432]

--- take_froslass_evolve (rate) ---
        own1   own2   own3   own4   own5   own6
cohort                                         
v21      0.0  0.278  0.028  0.083  0.167  0.000
field    0.0  0.304  0.159  0.118  0.063  0.055
top5     0.0  0.316  0.146  0.090  0.065  0.049
top10    0.0  0.287  0.147  0.100  0.065  0.045
  n: [36, 36, 36, 36, 36, 29] | top5: [573, 572, 567, 558, 537, 432]

--- retreat_flag (rate) ---
         own1   own2   own3   own4   own5   own6
cohort                                          
v21     0.000  0.111  0.306  0.361  0.250  0.069
field   0.014  0.163  0.188  0.194  0.167  0.145
top5    0.038  0.157  0.192  0.204  0.179  0.176
top10   0.024  0.166  0.178  0.202  0.179  0.166
  n: [36, 36, 36, 36, 36, 29] | top5: [573, 572, 567, 558, 537, 432]

--- idle (rate) ---
         own1   own2   own3   own4   own5   own6
cohort                                          
v21     0.056  0.000  0.000  0.000  0.000  0.000
field   0.017  0.003  0.005  0.001  0.002  0.002
top5    0.028  0.000  0.000  0.000  0.000  0.000
top10   0.021  0.005  0.003  0.000  0.001  0.004
  n: [36, 36, 36, 36, 36, 29] | top5: [573, 572, 567, 558, 537, 432]

--- main_decisions (mean) ---
         own1   own2   own3   own4   own5   own6
cohort                                          
v21     4.583  6.167  7.611  7.611  7.556  5.586
field   4.720  6.845  7.355  7.339  6.888  6.281
top5    4.757  6.900  7.300  7.052  6.549  6.100
top10   4.659  6.844  7.330  7.213  6.769  6.184
  n: [36, 36, 36, 36, 36, 29] | top5: [573, 572, 567, 558, 537, 432]

--- board_grim_ex_on_board (rate) ---
        own1   own2   own3   own4   own5   own6
cohort                                         
v21      0.0  0.306  0.778  0.861  0.861  0.862
field    0.0  0.394  0.783  0.871  0.886  0.904
top5     0.0  0.402  0.780  0.871  0.881  0.903
top10    0.0  0.398  0.776  0.860  0.884  0.909
  n: [36, 36, 36, 36, 36, 29] | top5: [573, 572, 567, 558, 537, 432]

--- board_grim_ex_ready (rate) ---
        own1   own2   own3   own4   own5   own6
cohort                                         
v21      0.0  0.306  0.778  0.861  0.778  0.793
field    0.0  0.389  0.775  0.855  0.849  0.847
top5     0.0  0.397  0.771  0.860  0.844  0.845
top10    0.0  0.391  0.766  0.847  0.842  0.843
  n: [36, 36, 36, 36, 36, 29] | top5: [573, 572, 567, 558, 537, 432]

--- board_bench (mean) ---
         own1   own2   own3   own4   own5   own6
cohort                                          
v21     2.306  3.500  4.222  4.611  4.472  4.483
field   2.429  3.702  4.309  4.451  4.407  4.324
top5    2.438  3.628  4.205  4.375  4.330  4.273
top10   2.344  3.585  4.222  4.374  4.368  4.316
  n: [36, 36, 36, 36, 36, 29] | top5: [573, 572, 567, 558, 537, 432]

--- board_bodies (mean) ---
         own1   own2   own3   own4   own5   own6
cohort                                          
v21     3.306  4.500  5.222  5.611  5.472  5.483
field   3.429  4.702  5.309  5.451  5.407  5.323
top5    3.438  4.628  5.205  5.375  5.330  5.273
top10   3.344  4.585  5.222  5.374  5.368  5.316
  n: [36, 36, 36, 36, 36, 29] | top5: [573, 572, 567, 558, 537, 432]

--- board_energy_in_play (mean) ---
         own1   own2   own3   own4   own5   own6
cohort                                          
v21     0.778  2.139  4.028  4.611  4.611  4.655
field   0.725  2.620  4.504  5.219  5.278  5.165
top5    0.651  2.691  4.457  5.219  5.320  5.157
top10   0.709  2.503  4.243  4.980  5.181  5.056
  n: [36, 36, 36, 36, 36, 29] | top5: [573, 572, 567, 558, 537, 432]

--- board_dark_in_play (mean) ---
         own1   own2   own3   own4   own5   own6
cohort                                          
v21     0.778  2.139  4.028  4.611  4.611  4.655
field   0.725  2.620  4.504  5.219  5.278  5.165
top5    0.651  2.691  4.457  5.219  5.320  5.157
top10   0.709  2.503  4.243  4.980  5.181  5.056
  n: [36, 36, 36, 36, 36, 29] | top5: [573, 572, 567, 558, 537, 432]

--- board_prize_left (mean) ---
        own1   own2   own3   own4   own5   own6
cohort                                         
v21      6.0  5.861  5.222  4.306  3.556  2.897
field    6.0  5.706  5.149  4.230  3.257  2.654
top5     6.0  5.692  5.171  4.314  3.397  2.891
top10    6.0  5.697  5.170  4.286  3.355  2.782
  n: [36, 36, 36, 36, 36, 29] | top5: [573, 572, 567, 558, 537, 432]

--- board_opp_prize_left (mean) ---
        own1   own2   own3   own4   own5   own6
cohort                                         
v21      6.0  5.972  5.528  5.000  3.861  3.517
field    6.0  5.973  5.566  4.831  3.981  3.404
top5     6.0  5.939  5.473  4.790  3.978  3.370
top10    6.0  5.962  5.526  4.809  4.046  3.498
  n: [36, 36, 36, 36, 36, 29] | top5: [573, 572, 567, 558, 537, 432]

--- board_hand (mean) ---
         own1   own2   own3   own4   own5   own6
cohort                                          
v21     4.611  3.972  4.861  5.556  5.000  6.172
field   4.640  4.640  4.897  5.271  5.578  5.784
top5    4.749  4.767  4.871  5.215  5.693  5.794
top10   4.736  4.715  4.859  5.223  5.527  5.731
  n: [36, 36, 36, 36, 36, 29] | top5: [573, 572, 567, 558, 537, 432]

--- board_deck_left (mean) ---
          own1    own2    own3    own4    own5    own6
cohort                                                
v21     43.694  38.333  31.194  26.333  22.833  20.448
field   43.608  36.773  30.463  25.793  22.550  20.449
top5    43.487  36.498  30.330  25.703  22.361  20.150
top10   43.623  36.957  30.820  26.198  22.926  20.798
  n: [36, 36, 36, 36, 36, 29] | top5: [573, 572, 567, 558, 537, 432]

=== offer vs take inside MAIN (turns 1..6) ===
          offer_rate                      take_when_offered                     
cohort         field  top10   top5    v21             field  top10   top5    v21
kind                                                                            
ability        0.802  0.794  0.802  0.780             0.977  0.965  0.958  0.988
attack         0.636  0.637  0.645  0.617             0.965  0.959  0.962  0.946
bench          0.614  0.628  0.623  0.622             0.874  0.854  0.847  0.869
boss           0.246  0.249  0.259  0.220             0.357  0.349  0.323  0.239
energy         0.725  0.723  0.715  0.694             0.833  0.849  0.835  0.855
evolve         0.585  0.576  0.590  0.569             0.853  0.847  0.838  0.849
item           0.746  0.748  0.756  0.742             0.875  0.856  0.839  0.839
retreat        0.752  0.756  0.761  0.718             0.192  0.200  0.206  0.260
stadium        0.201  0.208  0.219  0.182             0.954  0.940  0.970  0.974
stamp          0.107  0.103  0.105  0.105             0.972  0.966  0.941  1.000
supporter      0.591  0.596  0.602  0.584             0.861  0.846  0.835  0.869
