field replays read=3642
v8 ladder : {"petrel_searches": 69, "max_count_one": 69, "dead_offered": 35, "dead_take_rate": 0.7429, "live_offered": 2, "live_take_rate": 0.5, "boss_offered": 64, "boss_take_rate": 0.0}
field     : {"petrel_searches": 5206, "max_count_one": 5206, "dead_offered": 2477, "dead_take_rate": 0.57, "live_offered": 197, "live_take_rate": 0.7665, "boss_offered": 4584, "boss_take_rate": 0.0678}

      team  rating    dead     n    live     n    boss     n
  16371703  1220.2   0.512   203   0.625     8   0.153   346
  16422241  1172.6   0.521    71   0.750     4   0.129   140
  16463316  1141.3   0.426   211   0.412    17   0.006   320
  16561259  1126.3   0.340   100   0.800     5   0.062   145
  16531269  1121.6   0.443   194   0.611    18   0.087   357
  16452116  1101.8   0.471   193   0.733    15   0.121   354
  16375320  1094.8   0.570    86   0.667     9   0.049   164
  16556346  1086.7   0.608   120   1.000     8   0.040   226
  16388654  1085.9   0.521   169   0.812    16   0.161   317
  16385817  1082.1   0.627    51   1.000     1   0.043    92
  16381904  1080.3   0.530   115   0.714     7   0.114   219
  16494330  1077.6   0.708    89   0.889     9   0.033   183
  16514272  1073.9   0.505    95   0.875     8   0.054   147
  16376653  1073.8   0.587   121   1.000    12   0.013   226
  16462035  1064.7   0.704   179   0.818    22   0.025   357
  16407282  1063.4   0.884   172   0.706    17   0.052   385
  16430670  1062.3   0.774    31   1.000     3   0.015    67
  16461850  1050.6   0.663   104   1.000     5   0.015   206
  16421840  1048.5   0.830    47   1.000     7   0.032   126
  16431331  1046.4   0.414    58   0.667     3   0.026    78
  16388364  1046.3   0.750    68   1.000     3   0.015   129

  dead  vs rating: n=21 rho=-0.6065 p=0.00356
  live  vs rating: n=7 rho=-0.6071 p=0.14823
  boss  vs rating: n=21 rho=0.5805 p=0.00579
