our games=50 field={'games': 3642}
win rate by bucket:
  team16371703_first           91-46   0.6642 [0.5816, 0.7379]
  team16371703_second          62-56   0.5254 [0.436, 0.6133]
  team16375320_first           42-29   0.5915 [0.4754, 0.6983]
  team16375320_second          43-28   0.6056 [0.4894, 0.7111]
  team16376653_first           53-39   0.5761 [0.4741, 0.672]
  team16376653_second          51-37   0.5795 [0.4752, 0.6772]
  team16381904_first           64-29   0.6882 [0.5881, 0.7733]
  team16381904_second          49-50   0.4949 [0.3985, 0.5918]
  team16385817_first           23-11   0.6765 [0.5084, 0.8087]
  team16385817_second          17-11   0.6071 [0.4241, 0.7643]
  team16388364_first           31-19   0.62 [0.4815, 0.7414]
  team16388364_second          23-20   0.5349 [0.3892, 0.6749]
  team16388654_first           92-48   0.6571 [0.5753, 0.7306]
  team16388654_second          62-66   0.4844 [0.3995, 0.5701]
  team16407282_first           82-61   0.5734 [0.4915, 0.6515]
  team16407282_second          70-68   0.5072 [0.4248, 0.5893]
  team16421840_first           34-14   0.7083 [0.5682, 0.8176]
  team16421840_second          27-17   0.6136 [0.4662, 0.7428]
  team16422241_first           41-19   0.6833 [0.5577, 0.7869]
  team16422241_second          28-21   0.5714 [0.4327, 0.6998]
  team16430670_first           16-14   0.5333 [0.3614, 0.6977]
  team16430670_second          15-9    0.625 [0.4271, 0.7884]
  team16431331_first           34-16   0.68 [0.5419, 0.7924]
  team16431331_second          20-12   0.625 [0.4525, 0.7707]
  team16452116_first           77-61   0.558 [0.4747, 0.6381]
  team16452116_second          73-64   0.5328 [0.4495, 0.6144]
  team16461850_first           46-24   0.6571 [0.5404, 0.7575]
  team16461850_second          45-27   0.625 [0.5095, 0.7278]
  team16462035_first           86-64   0.5733 [0.4933, 0.6497]
  team16462035_second          71-66   0.5182 [0.4352, 0.6003]
  team16463316_first           85-62   0.5782 [0.4974, 0.6551]
  team16463316_second          79-63   0.5563 [0.4742, 0.6355]
  team16494330_first           38-28   0.5758 [0.4556, 0.6876]
  team16494330_second          48-32   0.6 [0.4905, 0.7004]
  team16514272_first           40-16   0.7143 [0.5852, 0.8158]
  team16514272_second          44-19   0.6984 [0.5764, 0.7976]
  team16531269_first           85-64   0.5705 [0.4902, 0.6472]
  team16531269_second          76-61   0.5547 [0.4712, 0.6353]
  team16556346_first           62-29   0.6813 [0.5799, 0.768]
  team16556346_second          52-36   0.5909 [0.4865, 0.6877]
  team16561259_first           44-19   0.6984 [0.5764, 0.7976]
  team16561259_second          25-21   0.5435 [0.4018, 0.6785]
  v8_first                     20-8    0.7143 [0.5294, 0.8475]
  v8_second                     8-14   0.3636 [0.1973, 0.5705]
            bucket              games              turns             energy    enabling_energy           froslass         grimmsnarl               boss             attack              bench
            v8_all                 50                301         0.808(219)         0.994(158)          0.791(43)          0.617(81)          0.317(82)         0.968(189)         0.870(184)
          v8_first                 28                174         0.805(128)          1.000(91)          0.808(26)          0.660(47)          0.233(43)         0.956(113)         0.833(114)
         v8_second                 22                127          0.813(91)          0.985(67)          0.765(17)          0.559(34)          0.410(39)          0.987(76)          0.929(70)
  team16422241_all                109                688         0.827(503)         0.917(339)         0.774(106)         0.668(184)         0.327(196)         0.927(466)         0.808(416)
  team16561259_all                109                692         0.763(519)         0.922(346)          0.734(94)         0.632(239)         0.428(152)         0.941(473)         0.791(422)
  team16452116_all                275               1775        0.840(1259)         0.907(913)         0.883(197)         0.695(443)         0.350(469)        0.911(1200)        0.843(1070)
  team16461850_all                142                886         0.793(628)         0.966(408)         0.991(116)         0.593(275)         0.379(248)         0.962(579)         0.907(505)
  team16376653_all                180               1126         0.792(827)         0.957(577)         0.843(153)         0.831(301)         0.412(279)         0.940(746)         0.886(673)
  team16371703_all                255               1617        0.878(1139)         0.951(788)         0.814(194)         0.760(446)         0.329(538)        0.972(1136)        0.823(1042)
  team16375320_all                142                925         0.767(653)         0.928(432)         0.902(123)         0.684(256)         0.361(202)         0.954(628)         0.792(572)
  team16381904_all                192               1185         0.843(857)         0.956(587)         0.920(162)         0.721(315)         0.376(306)         0.945(765)         0.874(665)
  team16385817_all                 62                386         0.744(281)         0.977(176)          0.857(49)         0.632(117)          0.380(92)         0.938(257)         0.830(217)
  team16388364_all                 93                568         0.747(392)         0.943(265)          0.870(92)         0.614(171)         0.220(150)         0.977(352)         0.866(305)
  team16388654_all                268               1664        0.890(1234)         0.959(905)         0.963(162)         0.809(398)         0.450(449)        0.952(1089)        0.835(1049)
  team16407282_all                281               1781        0.774(1390)         0.980(927)         0.972(217)         0.751(543)         0.336(456)        0.964(1207)        0.862(1055)
  team16421840_all                 92                547         0.790(386)         0.980(254)          0.988(84)         0.607(155)         0.294(143)         0.966(357)         0.849(324)
  team16430670_all                 54                331         0.803(244)         0.942(172)          0.979(47)         0.564(110)         0.363(102)         0.977(213)         0.914(186)
  team16431331_all                 82                488         0.858(351)         0.962(236)          0.968(62)         0.789(109)         0.346(133)         0.968(315)         0.819(310)
  team16462035_all                287               1779        0.809(1256)         0.983(833)         0.884(251)         0.569(571)         0.497(406)        0.963(1200)        0.871(1054)
  team16463316_all                289               1832        0.785(1232)         0.974(851)         0.996(251)         0.666(527)         0.398(425)        0.949(1166)        0.898(1002)
  team16494330_all                146                912         0.838(610)         0.980(440)         0.962(133)         0.673(281)         0.337(252)         0.975(596)         0.851(536)
  team16514272_all                119                737         0.832(537)         0.925(389)          0.988(83)         0.741(228)         0.346(188)         0.934(519)         0.841(460)
  team16531269_all                286               1801        0.891(1317)         0.953(960)         0.955(199)         0.878(402)         0.478(431)        0.944(1162)        0.851(1113)
  team16556346_all                179               1116         0.769(822)         0.967(545)         0.992(132)         0.707(290)         0.350(326)         0.945(742)         0.871(681)

rate vs pilot rating (Spearman, pilots with >= 25 offers):
  energy             n= 5 rho=0.2 p=0.74706
  enabling_energy    n= 5 rho=-0.6 p=0.28476
  froslass           n= 5 rho=-0.6 p=0.28476
  grimmsnarl         n= 5 rho=-0.3 p=0.62384
  boss               n= 5 rho=-0.4 p=0.50463
  attack             n= 5 rho=-0.3 p=0.62384
  bench              n= 5 rho=-0.8 p=0.10409
