our games=50 field={'games': 3642}
win rate by bucket:
  field_elite_first           162-99   0.6207 [0.5605, 0.6774]
  field_elite_second          126-106  0.5431 [0.4788, 0.606]
  field_mid_first              46-24   0.6571 [0.5404, 0.7575]
  field_mid_second             45-27   0.625 [0.5095, 0.7278]
  field_rest_first            958-589  0.6193 [0.5948, 0.6431]
  field_rest_second           809-651  0.5541 [0.5285, 0.5794]
  v8_first                     20-8    0.7143 [0.5294, 0.8475]
  v8_second                     8-14   0.3636 [0.1973, 0.5705]
            bucket              games              turns             energy    enabling_energy           froslass         grimmsnarl               boss             attack              bench
            v8_all                 50                301         0.808(219)         0.994(158)          0.791(43)          0.617(81)          0.317(82)         0.968(189)         0.870(184)
          v8_first                 28                174         0.805(128)          1.000(91)          0.808(26)          0.660(47)          0.233(43)         0.956(113)         0.833(114)
         v8_second                 22                127          0.813(91)          0.985(67)          0.765(17)          0.559(34)          0.410(39)          0.987(76)          0.929(70)
         field_all               3642              22836       0.820(16437)       0.955(11343)        0.918(2907)        0.704(6361)        0.380(5943)       0.951(15168)       0.853(13657)
       field_first               1878              12253        0.810(8642)        0.962(5825)        0.915(1560)        0.695(3489)        0.378(3012)        0.952(7984)        0.848(7260)
      field_second               1764              10583        0.830(7795)        0.947(5518)        0.921(1347)        0.716(2872)        0.382(2931)        0.950(7184)        0.858(6397)
 field_elite_first                261               1767        0.797(1239)         0.932(836)         0.785(223)         0.666(500)         0.353(431)        0.921(1161)        0.803(1074)
field_elite_second                232               1388        0.847(1042)         0.891(762)         0.862(174)         0.680(366)         0.365(386)         0.921(978)         0.850(834)
